lr0: 0.00383
lrf: 0.00577
momentum: 0.91679
weight_decay: 0.00052
warmup_epochs: 2.5862
warmup_momentum: 0.7165
box: 4.14835
cls: 0.31837
dfl: 1.53484
hsv_h: 0.01368
hsv_s: 0.48667
hsv_v: 0.31194
degrees: 0
translate: 0.08279
scale: 0.44777
shear: 0.0
perspective: 0.0
flipud: 0.5
fliplr: 0.26488
bgr: 0.0
mosaic: 0.95993
mixup: 0.5
copy_paste: 0.0