# 24/100 iterations complete ✅ (8083.57s)
# Results saved to runs\tune3\tune
# Best fitness=0.48052 observed at iteration 24
# Best fitness metrics are {'metrics/precision(B)': 0.75598, 'metrics/recall(B)': 0.70861, 'metrics/mAP50(B)': 0.77818, 'metrics/mAP50-95(B)': 0.44745, 'val/box_loss': 0.80894, 'val/cls_loss': 0.71914, 'val/dfl_loss': 1.6418, 'fitness': 0.48052}
# Best fitness model is runs\tune3\train24
# Best fitness hyperparameters are printed below.

lr0: 0.00383
lrf: 0.00577
momentum: 0.91679
weight_decay: 0.00052
warmup_epochs: 2.5862
warmup_momentum: 0.7165
box: 4.14835
cls: 0.31837
dfl: 1.53484
hsv_h: 0.01368
hsv_s: 0.48667
hsv_v: 0.31194
degrees: 0.0
translate: 0.08279
scale: 0.44777
shear: 0.0
perspective: 0.0
flipud: 0.0
fliplr: 0.26488
bgr: 0.0
mosaic: 0.95993
mixup: 0.0
copy_paste: 0.0
