# 30/30 iterations complete ✅ (26982.40s)
# Results saved to runs\tune2\tune
# Best fitness=0.483 observed at iteration 30
# Best fitness metrics are {'metrics/precision(B)': 0.75236, 'metrics/recall(B)': 0.73088, 'metrics/mAP50(B)': 0.77413, 'metrics/mAP50-95(B)': 0.45066, 'val/box_loss': 1.15734, 'val/cls_loss': 0.84273, 'val/dfl_loss': 1.85442, 'fitness': 0.483}
# Best fitness model is runs\tune2\train30
# Best fitness hyperparameters are printed below.

lr0: 0.00662
lrf: 0.00822
momentum: 0.86043
weight_decay: 0.00045
warmup_epochs: 2.95157
warmup_momentum: 0.79776
box: 5.84491
cls: 0.40217
dfl: 1.7016
hsv_h: 0.01785
hsv_s: 0.50538
hsv_v: 0.38222
degrees: 0.0
translate: 0.09286
scale: 0.50545
shear: 0.0
perspective: 0.0
flipud: 0.0
fliplr: 0.38949
bgr: 0.0
mosaic: 0.87544
mixup: 0.0
copy_paste: 0.0
