# 24/50 iterations complete ✅ (19627.31s)
# Results saved to Defect-Detection-exp\tune6\tune3
# Best fitness=0.44215 observed at iteration 9
# Best fitness metrics are {'metrics/precision(B)': 0.62089, 'metrics/recall(B)': 0.70431, 'metrics/mAP50(B)': 0.73316, 'metrics/mAP50-95(B)': 0.40982, 'val/box_loss': 0.66934, 'val/cls_loss': 1.00127, 'val/dfl_loss': 1.88902, 'fitness': 0.44215}
# Best fitness model is Defect-Detection-exp\tune6\train18
# Best fitness hyperparameters are printed below.

lr0: 0.00336
lrf: 0.00512
momentum: 0.95578
weight_decay: 0.00046
warmup_epochs: 2.58506
warmup_momentum: 0.75679
box: 3.30905
cls: 0.38276
dfl: 1.60441
hsv_h: 0.0122
hsv_s: 0.35948
hsv_v: 0.21478
degrees: 0.0
translate: 0.0765
scale: 0.4995
shear: 0.0
perspective: 0.0
flipud: 0.58619
fliplr: 0.32459
bgr: 0.0
mosaic: 0.90357
mixup: 0.0
copy_paste: 0.0
